line
300 491 0 338 484 0 
line
334 488 0 359 471 0 
line
355 475 0 371 463 0 
line
367 467 0 392 470 0 
line
388 474 0 412 461 0 
line
408 465 0 420 442 0 
line
416 446 0 415 420 0 
line
411 424 0 403 404 0 
line
399 408 0 401 402 0 
line
397 406 0 403 376 0 
line
399 380 0 406 361 0 
line
402 365 0 410 327 0 
line
406 331 0 408 291 0 
line
404 295 0 407 262 0 
line
403 266 0 407 259 0 
line
403 263 0 421 244 0 
line
417 248 0 434 238 0 
line
430 242 0 438 223 0 
line
434 227 0 432 215 0 
line
428 219 0 417 212 0 
line
413 216 0 413 223 0 
line
409 227 0 409 205 0 
line
405 209 0 411 183 0 
line
407 187 0 411 166 0 
line
407 170 0 412 146 0 
line
408 150 0 408 119 0 
line
404 123 0 402 97 0 
line
398 101 0 389 66 0 
line
385 70 0 369 38 0 
line
365 42 0 384 30 0 
line
380 34 0 385 -1 0 
line
381 3 0 361 12 0 
line
357 16 0 332 18 0 
line
328 22 0 296 9 0 
line
292 13 0 250 8 0 
line
246 12 0 191 11 0 
line
187 15 0 172 20 0 
line
168 24 0 149 8 0 
line
145 12 0 121 0 0 
line
117 4 0 121 27 0 
line
117 31 0 136 40 0 
line
132 44 0 117 60 0 
line
113 64 0 102 115 0 
line
98 119 0 100 164 0 
line
96 168 0 109 218 0 
line
105 222 0 107 222 0 
line
103 226 0 88 216 0 
line
84 220 0 73 226 0 
line
69 230 0 83 244 0 
line
79 248 0 111 250 0 
line
107 254 0 106 280 0 
line
102 284 0 107 348 0 
line
103 352 0 109 392 0 
line
105 396 0 98 403 0 
line
94 407 0 90 446 0 
line
86 450 0 111 468 0 
line
107 472 0 137 465 0 
line
133 469 0 168 475 0 
line
164 479 0 214 489 0 
line
210 493 0 271 497 0 
line
267 501 0 289 494 0 
line
285 498 0 296 491 0 
scale
0.8 0.8 0.8
rotate
z 330
move
0 200 0
apply
display
save
pic.png