line
0 0 0 25 0 0
line
25 0 0 25 25 0
line
25 25 0 0 25 0
line
0 25 0 0 0 0
line
0 0 25 25 0 25
line
25 0 25 25 25 25
line
25 25 25 0 25 25
line
0 25 25 0 0 25
line
0 0 0 0 0 25
line
0 25 0 0 25 25
line
25 25 0 25 25 25
line
25 0 0 25 0 25

line
25 0 0 50 0 0
line
50 0 0 50 25 0
line
50 25 0 25 25 0
line
25 25 0 25 0 0
line
25 0 25 50 0 25
line
50 0 25 50 25 25
line
50 25 25 25 25 25
line
25 25 25 25 0 25
line
25 0 0 25 0 25
line
25 25 0 25 25 25
line
50 25 0 50 25 25
line
50 0 0 50 0 25

line
50 0 0 75 0 0
line
75 0 0 75 25 0
line
75 25 0 50 25 0
line
50 25 0 50 0 0
line
50 0 25 75 0 25
line
75 0 25 75 25 25
line
75 25 25 50 25 25
line
50 25 25 50 0 25
line
50 0 0 50 0 25
line
50 25 0 50 25 25
line
75 25 0 75 25 25
line
75 0 0 75 0 25

line
75 0 0 100 0 0
line
100 0 0 100 25 0
line
100 25 0 75 25 0
line
75 25 0 75 0 0
line
75 0 25 100 0 25
line
100 0 25 100 25 25
line
100 25 25 75 25 25
line
75 25 25 75 0 25
line
75 0 0 75 0 25
line
75 25 0 75 25 25
line
100 25 0 100 25 25
line
100 0 0 100 0 25

line
100 0 0 125 0 0
line
125 0 0 125 25 0
line
125 25 0 100 25 0
line
100 25 0 100 0 0
line
100 0 25 125 0 25
line
125 0 25 125 25 25
line
125 25 25 100 25 25
line
100 25 25 100 0 25
line
100 0 0 100 0 25
line
100 25 0 100 25 25
line
125 25 0 125 25 25
line
125 0 0 125 0 25
---
line
0 25 0 25 25 0
line
25 25 0 25 50 0
line
25 50 0 0 50 0
line
0 50 0 0 25 0
line
0 25 25 25 25 25
line
25 25 25 25 50 25
line
25 50 25 0 50 25
line
0 50 25 0 25 25
line
0 25 0 0 25 25
line
0 50 0 0 50 25
line
25 50 0 25 50 25
line
25 25 0 25 25 25

line
25 25 0 50 25 0
line
50 25 0 50 50 0
line
50 50 0 25 50 0
line
25 50 0 25 25 0
line
25 25 25 50 25 25
line
50 25 25 50 50 25
line
50 50 25 25 50 25
line
25 50 25 25 25 25
line
25 25 0 25 25 25
line
25 50 0 25 50 25
line
50 50 0 50 50 25
line
50 25 0 50 25 25

line
50 25 0 75 25 0
line
75 25 0 75 50 0
line
75 50 0 50 50 0
line
50 50 0 50 25 0
line
50 25 25 75 25 25
line
75 25 25 75 50 25
line
75 50 25 50 50 25
line
50 50 25 50 25 25
line
50 25 0 50 25 25
line
50 50 0 50 50 25
line
75 50 0 75 50 25
line
75 25 0 75 25 25

line
75 25 0 100 25 0
line
100 25 0 100 50 0
line
100 50 0 75 50 0
line
75 50 0 75 25 0
line
75 25 25 100 25 25
line
100 25 25 100 50 25
line
100 50 25 75 50 25
line
75 50 25 75 25 25
line
75 25 0 75 25 25
line
75 50 0 75 50 25
line
100 50 0 100 50 25
line
100 25 0 100 25 25

line
100 25 0 125 25 0
line
125 25 0 125 50 0
line
125 50 0 100 50 0
line
100 50 0 100 25 0
line
100 25 25 125 25 25
line
125 25 25 125 50 25
line
125 50 25 100 50 25
line
100 50 25 100 25 25
line
100 25 0 100 25 25
line
100 50 0 100 50 25
line
125 50 0 125 50 25
line
125 25 0 125 25 25

line
125 25 0 150 25 0
line
150 25 0 150 50 0
line
150 50 0 125 50 0
line
125 50 0 125 25 0
line
125 25 25 150 25 25
line
150 25 25 150 50 25
line
150 50 25 125 50 25
line
125 50 25 125 25 25
line
125 25 0 125 25 25
line
125 50 0 125 50 25
line
150 50 0 150 50 25
line
150 25 0 150 25 25
---
line
0 50 0 25 50 0
line
25 50 0 25 75 0
line
25 75 0 0 75 0
line
0 75 0 0 50 0
line
0 50 25 25 50 25
line
25 50 25 25 75 25
line
25 75 25 0 75 25
line
0 75 25 0 50 25
line
0 50 0 0 50 25
line
0 75 0 0 75 25
line
25 75 0 25 75 25
line
25 50 0 25 50 25

line
25 50 0 50 50 0
line
50 50 0 50 75 0
line
50 75 0 25 75 0
line
25 75 0 25 50 0
line
25 50 25 50 50 25
line
50 50 25 50 75 25
line
50 75 25 25 75 25
line
25 75 25 25 50 25
line
25 50 0 25 50 25
line
25 75 0 25 75 25
line
50 75 0 50 75 25
line
50 50 0 50 50 25

line
50 50 0 75 50 0
line
75 50 0 75 75 0
line
75 75 0 50 75 0
line
50 75 0 50 50 0
line
50 50 25 75 50 25
line
75 50 25 75 75 25
line
75 75 25 50 75 25
line
50 75 25 50 50 25
line
50 50 0 50 50 25
line
50 75 0 50 75 25
line
75 75 0 75 75 25
line
75 50 0 75 50 25

line
75 50 0 100 50 0
line
100 50 0 100 75 0
line
100 75 0 75 75 0
line
75 75 0 75 50 0
line
75 50 25 100 50 25
line
100 50 25 100 75 25
line
100 75 25 75 75 25
line
75 75 25 75 50 25
line
75 50 0 75 50 25
line
75 75 0 75 75 25
line
100 75 0 100 75 25
line
100 50 0 100 50 25

line
100 50 0 125 50 0
line
125 50 0 125 75 0
line
125 75 0 100 75 0
line
100 75 0 100 50 0
line
100 50 25 125 50 25
line
125 50 25 125 75 25
line
125 75 25 100 75 25
line
100 75 25 100 50 25
line
100 50 0 100 50 25
line
100 75 0 100 75 25
line
125 75 0 125 75 25
line
125 50 0 125 50 25

line
125 50 0 150 50 0
line
150 50 0 150 75 0
line
150 75 0 125 75 0
line
125 75 0 125 50 0
line
125 50 25 150 50 25
line
150 50 25 150 75 25
line
150 75 25 125 75 25
line
125 75 25 125 50 25
line
125 50 0 125 50 25
line
125 75 0 125 75 25
line
150 75 0 150 75 25
line
150 50 0 150 50 25
---
line
0 75 0 25 75 0
line
25 75 0 25 100 0
line
25 100 0 0 100 0
line
0 100 0 0 75 0
line
0 75 25 25 75 25
line
25 75 25 25 100 25
line
25 100 25 0 100 25
line
0 100 25 0 75 25
line
0 75 0 0 75 25
line
0 100 0 0 100 25
line
25 100 0 25 100 25
line
25 75 0 25 75 25

line
25 75 0 50 75 0
line
50 75 0 50 100 0
line
50 100 0 25 100 0
line
25 100 0 25 75 0
line
25 75 25 50 75 25
line
50 75 25 50 100 25
line
50 100 25 25 100 25
line
25 100 25 25 75 25
line
25 75 0 25 75 25
line
25 100 0 25 100 25
line
50 100 0 50 100 25
line
50 75 0 50 75 25

line
50 75 0 75 75 0
line
75 75 0 75 100 0
line
75 100 0 50 100 0
line
50 100 0 50 75 0
line
50 75 25 75 75 25
line
75 75 25 75 100 25
line
75 100 25 50 100 25
line
50 100 25 50 75 25
line
50 75 0 50 75 25
line
50 100 0 50 100 25
line
75 100 0 75 100 25
line
75 75 0 75 75 25

line
75 75 0 100 75 0
line
100 75 0 100 100 0
line
100 100 0 75 100 0
line
75 100 0 75 75 0
line
75 75 25 100 75 25
line
100 75 25 100 100 25
line
100 100 25 75 100 25
line
75 100 25 75 75 25
line
75 75 0 75 75 25
line
75 100 0 75 100 25
line
100 100 0 100 100 25
line
100 75 0 100 75 25

line
100 75 0 125 75 0
line
125 75 0 125 100 0
line
125 100 0 100 100 0
line
100 100 0 100 75 0
line
100 75 25 125 75 25
line
125 75 25 125 100 25
line
125 100 25 100 100 25
line
100 100 25 100 75 25
line
100 75 0 100 75 25
line
100 100 0 100 100 25
line
125 100 0 125 100 25
line
125 75 0 125 75 25

line
125 75 0 150 75 0
line
150 75 0 150 100 0
line
150 100 0 125 100 0
line
125 100 0 125 75 0
line
125 75 25 150 75 25
line
150 75 25 150 100 25
line
150 100 25 125 100 25
line
125 100 25 125 75 25
line
125 75 0 125 75 25
line
125 100 0 125 100 25
line
150 100 0 150 100 25
line
150 75 0 150 75 25
---
ident
scale
4 4 4
apply
ident
rotate
z 20
rotate
x 20
rotate
y 20
apply
ident
rotate
y 20
apply
display
save
pic.png